=== NQL SDK RAM SNAPSHOT 001 ===
timestamp=2026-04-13 15:22:41.050
WorkingSet=6315.1 MB
PeakWorkingSet=6320.1 MB
PrivateBytes=6348.8 MB
PagefileUsage=6348.8 MB
PeakPagefile=6360.9 MB
VRAM_Local=215.9 MB  (discrete GPU memory in use)
VRAM_Shared=0.0 MB  (system RAM used by GPU for non-local resources)
TextureArray_Est=3.44 MB  (block+font atlas, RGBA8 no mips, 881 layers)
ResidentChunks=335


[RAM: per-chunk breakdown — all values are CPU RAM unless noted]
SLOT   CX     CZ     SCX    SCZ    ROLE | BLK_KB   CMESH_KB   UPLOAD_KB SUB_KB   SIM_KB  CONS_KB  TOTAL_KB 
------ ------ ------ ------ ------ ---- + -------- ---------- --------- -------- ------- -------- ---------
0      -4     -3     -1     -1     PRI  | 2136     1937       1937      0        512     0        6522     
1      -4     -4     -1     -1     PRI  | 2152     5153       5153      0        512     0        12970    
2      -3     -4     -1     -1     PRI  | 2168     8364       8364      0        512     0        19408    
3      -4     -1     -1     -1     PRI  | 1824     0          0         14652    512     0        16988    
4      -5     -4     -1     -1     PRI  | 2152     8388       8388      0        512     0        19440    
5      -2     -3     -1     -1     PRI  | 2352     0          0         15445    512     0        18309    
6      -3     -3     -1     -1     PRI  | 2168     1971       1971      0        512     0        6622     
7      -5     -3     -1     -1     PRI  | 2152     5065       5065      0        512     0        12794    
8      -3     -2     -1     -1     PRI  | 2112     7847       7847      0        512     0        18318    
9      -5     -2     -1     -1     PRI  | 2080     7689       7689      0        512     0        17970    
10     -4     -2     -1     -1     PRI  | 2032     13507      13507     0        512     0        29558    
11     -6     -1     -1     -1     PRI  | 1784     0          0         14458    512     0        16754    
12     -5     -1     -1     -1     PRI  | 1816     0          0         9351     512     0        11679    
13     -6     -4     -1     -1     PRI  | 2136     0          0         11405    512     0        14053    
14     -5     -5     -1     -1     PRI  | 2168     0          0         11498    512     0        14178    
15     -4     -6     -1     -1     PRI  | 2152     0          0         14586    512     0        17250    
16     -2     -5     -1     -1     PRI  | 2264     0          0         15146    512     0        17922    
17     -2     -2     -1     -1     PRI  | 2296     0          0         8642     512     0        11450    
18     -6     -5     -1     -1     PRI  | 2152     0          0         14614    512     0        17278    
19     -4     -5     -1     -1     PRI  | 2136     0          0         11354    512     0        14002    
20     -3     -5     -1     -1     PRI  | 2168     0          0         11563    512     0        14243    
21     -3     -1     -1     -1     PRI  | 1840     0          0         9592     512     0        11944    
22     -6     -3     -1     -1     PRI  | 2160     0          0         11401    512     0        14073    
23     -2     -4     -1     -1     PRI  | 2312     0          0         8812     512     0        11636    
24     -2     -1     -1     -1     PRI  | 2088     0          0         16510    512     0        19110    
25     -1     -3     -1     -1     PRI  | 2504     0          0         16830    512     0        19846    
26     -6     -2     -1     -1     PRI  | 2104     0          0         10839    512     0        13455    
27     -7     -1     -1     -1     PRI  | 1768     0          0         14424    512     0        16704    
28     -3     -6     -1     -1     PRI  | 2168     0          0         14626    512     0        17306    
29     -7     -4     -1     -1     PRI  | 2120     0          0         14385    512     0        17017    
30     -5     -6     -1     -1     PRI  | 2144     0          0         14598    512     0        17254    
31     -7     -3     -1     -1     PRI  | 2120     0          0         14267    512     0        16899    
32     -7     -5     -1     -1     PRI  | 2128     0          0         14460    512     0        17100    
33     -6     -6     -1     -1     PRI  | 2152     0          0         14649    512     0        17313    
34     -2     -6     -1     -1     PRI  | 2184     0          0         14758    512     0        17454    
35     -7     -2     -1     -1     PRI  | 2080     0          0         13367    512     0        15959    
36     -1     -4     -1     -1     PRI  | 2440     0          0         19844    512     0        22796    
37     -1     -5     -1     -1     PRI  | 2360     0          0         19230    512     0        22102    
38     -4     -7     -1     -1     PRI  | 2136     0          0         14602    512     0        17250    
39     -8     -3     -1     -1     PRI  | 1984     0          0         13075    512     0        15571    
40     -3     -7     -1     -1     PRI  | 2176     0          0         14729    512     0        17417    
41     -1     -2     -1     -1     PRI  | 2504     0          0         19942    512     0        22958    
42     -1     -1     -1     -1     PRI  | 2392     0          0         22233    512     0        25137    
43     -8     -1     -1     -1     PRI  | 1672     0          0         14103    512     0        16287    
44     -8     -2     -1     -1     PRI  | 1840     0          0         12438    512     0        14790    
45     -8     -4     -1     -1     PRI  | 2024     0          0         13709    512     0        16245    
46     -5     -7     -1     -1     PRI  | 2176     0          0         14755    512     0        17443    
47     -7     -6     -1     -1     PRI  | 2184     0          0         14659    512     0        17355    
48     -1     -6     -1     -1     PRI  | 2248     0          0         18478    512     0        21238    
49     -8     -5     -1     -1     PRI  | 2104     0          0         14083    512     0        16699    
50     -2     -7     -1     -1     PRI  | 2168     0          0         14678    512     0        17358    
51     -9     -3     -1     -1     PRI  | 1752     0          0         12322    512     0        14586    
52     -6     -7     -1     -1     PRI  | 2208     0          0         14947    512     0        17667    
53     -4     -8     -1     -1     PRI  | 2192     0          0         14748    512     0        17452    
54     -7     -7     -1     -1     PRI  | 2232     0          0         14964    512     0        17708    
55     -9     -2     -1     -1     PRI  | 1616     0          0         11971    512     0        14099    
56     -8     -6     -1     -1     PRI  | 2184     0          0         14632    512     0        17328    
57     -1     -7     -1     -1     PRI  | 2144     0          0         17910    512     0        20566    
58     -5     -8     -1     -1     PRI  | 2168     0          0         14760    512     0        17440    
59     -9     -1     -1     -1     PRI  | 1544     0          0         13164    512     0        15220    
60     -3     -8     -1     -1     PRI  | 2184     0          0         14819    512     0        17515    
61     -9     -4     -1     -1     PRI  | 1904     0          0         12691    512     0        15107    
62     -6     -8     -1     -1     PRI  | 2224     0          0         15051    512     0        17787    
63     -10    -3     -1     -1     PRI  | 1544     0          0         11577    512     0        13633    
64     -2     -8     -1     -1     PRI  | 2176     0          0         14763    512     0        17451    
65     -10    -2     -1     -1     PRI  | 1544     0          0         10598    512     0        12654    
66     -9     -6     -1     -1     PRI  | 2144     0          0         14322    512     0        16978    
67     -7     -8     -1     -1     PRI  | 2256     0          0         15225    512     0        17993    
68     -8     -7     -1     -1     PRI  | 2232     0          0         15022    512     0        17766    
69     -1     -8     -1     -1     PRI  | 2168     0          0         17917    512     0        20597    
70     -4     -9     -1     -1     PRI  | 2176     0          0         14837    512     0        17525    
71     -10    -4     -1     -1     PRI  | 1720     0          0         12106    512     0        14338    
72     -9     -5     -1     -1     PRI  | 1976     0          0         13279    512     0        15767    
73     -5     -9     -1     -1     PRI  | 2160     0          0         14874    512     0        17546    
74     -10    -1     -1     -1     PRI  | 1544     0          0         11943    512     0        13999    
75     -3     -9     -1     -1     PRI  | 2168     0          0         14748    512     0        17428    
76     -6     -9     -1     -1     PRI  | 2200     0          0         14952    512     0        17664    
77     -11    -3     -1     -1     PRI  | 1544     0          0         10745    512     0        12801    
78     -11    -2     -1     -1     PRI  | 1544     0          0         11154    512     0        13210    
79     -2     -9     -1     -1     PRI  | 2152     0          0         14712    512     0        17376    
80     -9     -7     -1     -1     PRI  | 2216     0          0         14902    512     0        17630    
81     -10    -5     -1     -1     PRI  | 1888     0          0         12686    512     0        15086    
82     -8     -8     -1     -1     PRI  | 2240     0          0         15199    512     0        17951    
83     -11    -4     -1     -1     PRI  | 1592     0          0         11692    512     0        13796    
84     -1     -9     -1     -1     PRI  | 2168     0          0         18058    512     0        20738    
85     -7     -9     -1     -1     PRI  | 2232     0          0         14985    512     0        17729    
86     -4     -10    -1     -1     PRI  | 2192     0          0         14872    512     0        17576    
87     -9     -8     -1     -1     PRI  | 2264     0          0         15212    512     0        17988    
88     -10    -6     -1     -1     PRI  | 2112     0          0         14030    512     0        16654    
89     -5     -10    -1     -1     PRI  | 2192     0          0         14943    512     0        17647    
90     -3     -10    -1     -1     PRI  | 2216     0          0         14898    512     0        17626    
91     -8     -9     -1     -1     PRI  | 2240     0          0         15065    512     0        17817    
92     -11    -1     -1     -1     PRI  | 1544     0          0         13089    512     0        15145    
93     -11    -5     -1     -1     PRI  | 1808     0          0         12206    512     0        14526    
94     -10    -7     -1     -1     PRI  | 2192     0          0         14818    512     0        17522    
95     -12    -3     -1     -1     PRI  | 1544     0          0         10623    512     0        12679    
96     -6     -10    -1     -1     PRI  | 2208     0          0         14964    512     0        17684    
97     -12    -4     -1     -1     PRI  | 1544     0          0         11063    512     0        13119    
98     -2     -10    -1     -1     PRI  | 2216     0          0         15000    512     0        17728    
99     -7     -10    -1     -1     PRI  | 2200     0          0         14884    512     0        17596    
100    -12    -2     -1     -1     PRI  | 1544     0          0         11583    512     0        13639    
101    -1     -10    -1     -1     PRI  | 2192     0          0         18184    512     0        20888    
102    -10    -8     -1     -1     PRI  | 2248     0          0         15140    512     0        17900    
103    -9     -9     -1     -1     PRI  | 2248     0          0         15143    512     0        17903    
104    -4     -11    -1     -1     PRI  | 2184     0          0         14810    512     0        17506    
105    -11    -6     -1     -1     PRI  | 2096     0          0         13538    512     0        16146    
106    -8     -10    -1     -1     PRI  | 2200     0          0         14984    512     0        17696    
107    -5     -11    -1     -1     PRI  | 2208     0          0         15020    512     0        17740    
108    -12    -5     -1     -1     PRI  | 1672     0          0         11929    512     0        14113    
109    -12    -1     -1     -1     PRI  | 1544     0          0         13581    512     0        15637    
110    -11    -7     -1     -1     PRI  | 2184     0          0         14486    512     0        17182    
111    -3     -11    -1     -1     PRI  | 2232     0          0         14908    512     0        17652    
112    -6     -11    -1     -1     PRI  | 2200     0          0         14950    512     0        17662    
113    -2     -11    -1     -1     PRI  | 2232     0          0         15001    512     0        17745    
114    -12    -6     -1     -1     PRI  | 1896     0          0         12409    512     0        14817    
115    -10    -9     -1     -1     PRI  | 2240     0          0         15130    512     0        17882    
116    -1     -11    -1     -1     PRI  | 2184     0          0         18192    512     0        20888    
117    -9     -10    -1     -1     PRI  | 2208     0          0         14943    512     0        17663    
118    -7     -11    -1     -1     PRI  | 2200     0          0         14820    512     0        17532    
119    -13    -3     -1     -1     PRI  | 1544     0          0         10435    512     0        12491    
120    -11    -8     -1     -1     PRI  | 2216     0          0         14850    512     0        17578    
121    -8     -11    -1     -1     PRI  | 2232     0          0         15081    512     0        17825    
122    -4     -12    -1     -1     PRI  | 2184     0          0         14862    512     0        17558    
123    -13    -2     -1     -1     PRI  | 1544     0          0         11608    512     0        13664    
124    -12    -7     -1     -1     PRI  | 2000     0          0         13341    512     0        15853    
125    -13    -4     -1     -1     PRI  | 1544     0          0         10537    512     0        12593    
126    -5     -12    -1     -1     PRI  | 2216     0          0         14958    512     0        17686    
127    -3     -12    -1     -1     PRI  | 2184     0          0         14794    512     0        17490    
128    -13    -5     -1     -1     PRI  | 1544     0          0         11328    512     0        13384    
129    -13    -1     -1     -1     PRI  | 1544     0          0         13637    512     0        15693    
130    -2     -12    -1     -1     PRI  | 2184     0          0         14793    512     0        17489    
131    -11    -9     -1     -1     PRI  | 2232     0          0         14910    512     0        17654    
132    -6     -12    -1     -1     PRI  | 2184     0          0         14851    512     0        17547    
133    -13    -6     -1     -1     PRI  | 1648     0          0         11831    512     0        13991    
134    -10    -10    -1     -1     PRI  | 2208     0          0         15034    512     0        17754    
135    -12    -8     -1     -1     PRI  | 2112     0          0         13992    512     0        16616    
136    -9     -11    -1     -1     PRI  | 2208     0          0         14951    512     0        17671    
137    -7     -12    -1     -1     PRI  | 2200     0          0         14881    512     0        17593    
138    -14    -3     -1     -1     PRI  | 1544     0          0         10628    512     0        12684    
139    -1     -12    -1     -1     PRI  | 2176     0          0         18217    512     0        20905    
140    -8     -12    -1     -1     PRI  | 2224     0          0         14989    512     0        17725    
141    -13    -7     -1     -1     PRI  | 1824     0          0         12499    512     0        14835    
142    -12    -9     -1     -1     PRI  | 2128     0          0         14328    512     0        16968    
143    -11    -10    -1     -1     PRI  | 2200     0          0         14859    512     0        17571    
144    -4     -13    -1     -1     PRI  | 2208     0          0         14940    512     0        17660    
145    -14    -4     -1     -1     PRI  | 1544     0          0         10106    512     0        12162    
146    -14    -2     -1     -1     PRI  | 1544     0          0         11655    512     0        13711    
147    -10    -11    -1     -1     PRI  | 2184     0          0         14905    512     0        17601    
148    -14    -1     -1     -1     PRI  | 1544     0          0         13638    512     0        15694    
149    -14    -5     -1     -1     PRI  | 1544     0          0         10445    512     0        12501    
150    -5     -13    -1     -1     PRI  | 2216     0          0         14974    512     0        17702    
151    -3     -13    -1     -1     PRI  | 2184     0          0         14829    512     0        17525    
152    -2     -13    -1     -1     PRI  | 2176     0          0         14705    512     0        17393    
153    -14    -6     -1     -1     PRI  | 1544     0          0         11077    512     0        13133    
154    -9     -12    -1     -1     PRI  | 2216     0          0         15012    512     0        17740    
155    -6     -13    -1     -1     PRI  | 2184     0          0         14944    512     0        17640    
156    -14    -7     -1     -1     PRI  | 1680     0          0         12298    512     0        14490    
157    -13    -8     -1     -1     PRI  | 1944     0          0         12896    512     0        15352    
158    -7     -13    -1     -1     PRI  | 2200     0          0         14940    512     0        17652    
159    -1     -13    -1     -1     PRI  | 2176     0          0         17986    512     0        20674    
160    -12    -10    -1     -1     PRI  | 2168     0          0         14582    512     0        17262    
161    -15    -3     -1     -1     PRI  | 1544     0          0         11565    512     0        13621    
162    -11    -11    -1     -1     PRI  | 2208     0          0         14903    512     0        17623    
163    -8     -13    -1     -1     PRI  | 2200     0          0         14852    512     0        17564    
164    -10    -12    -1     -1     PRI  | 2200     0          0         14824    512     0        17536    
165    -15    -2     -1     -1     PRI  | 1544     0          0         11702    512     0        13758    
166    -13    -9     -1     -1     PRI  | 2040     0          0         13689    512     0        16241    
167    -15    -4     -1     -1     PRI  | 1544     0          0         11217    512     0        13273    
168    -4     -14    -1     -1     PRI  | 2200     0          0         14949    512     0        17661    
169    -5     -14    -1     -1     PRI  | 2232     0          0         14999    512     0        17743    
170    -15    -1     -1     -1     PRI  | 1544     0          0         13656    512     0        15712    
171    -15    -5     -1     -1     PRI  | 1544     0          0         11405    512     0        13461    
172    -3     -14    -1     -1     PRI  | 2184     0          0         14709    512     0        17405    
173    -2     -14    -1     -1     PRI  | 2120     0          0         14458    512     0        17090    
174    -15    -6     -1     -1     PRI  | 1544     0          0         11500    512     0        13556    
175    -6     -14    -1     -1     PRI  | 2208     0          0         14878    512     0        17598    
176    -9     -13    -1     -1     PRI  | 2192     0          0         14819    512     0        17523    
177    -12    -11    -1     -1     PRI  | 2200     0          0         14833    512     0        17545    
178    -11    -12    -1     -1     PRI  | 2192     0          0         14806    512     0        17510    
179    -14    -8     -1     -1     PRI  | 1800     0          0         12125    512     0        14437    
180    -1     -14    -1     -1     PRI  | 2120     0          0         17634    512     0        20266    
181    -13    -10    -1     -1     PRI  | 2144     0          0         14379    512     0        17035    
182    -7     -14    -1     -1     PRI  | 2176     0          0         14777    512     0        17465    
183    -15    -7     -1     -1     PRI  | 1544     0          0         11331    512     0        13387    
184    -14    -9     -1     -1     PRI  | 1984     0          0         13187    512     0        15683    
185    -10    -13    -1     -1     PRI  | 2200     0          0         14857    512     0        17569    
186    -16    -3     -1     -1     PRI  | 1544     0          0         13792    512     0        15848    
187    -8     -14    -1     -1     PRI  | 2208     0          0         14785    512     0        17505    
188    -16    -2     -1     -1     PRI  | 1544     0          0         13722    512     0        15778    
189    -4     -15    -1     -1     PRI  | 2200     0          0         14850    512     0        17562    
190    -16    -4     -1     -1     PRI  | 1544     0          0         13919    512     0        15975    
191    -13    -11    -1     -1     PRI  | 2184     0          0         14750    512     0        17446    
192    -15    -8     -1     -1     PRI  | 1672     0          0         11838    512     0        14022    
193    -16    -5     -1     -1     PRI  | 1544     0          0         14008    512     0        16064    
194    -12    -12    -1     -1     PRI  | 2192     0          0         14847    512     0        17551    
195    -5     -15    -1     -1     PRI  | 2176     0          0         14708    512     0        17396    
196    -9     -14    -1     -1     PRI  | 2192     0          0         14857    512     0        17561    
197    -3     -15    -1     -1     PRI  | 2176     0          0         14691    512     0        17379    
198    -16    -1     -1     -1     PRI  | 1544     0          0         15661    512     0        17717    
199    -2     -15    -1     -1     PRI  | 2128     0          0         14457    512     0        17097    
200    -16    -6     -1     -1     PRI  | 1544     0          0         14055    512     0        16111    
201    -6     -15    -1     -1     PRI  | 2176     0          0         14719    512     0        17407    
202    -14    -10    -1     -1     PRI  | 2160     0          0         14360    512     0        17032    
203    -11    -13    -1     -1     PRI  | 2176     0          0         14845    512     0        17533    
204    -16    -7     -1     -1     PRI  | 1544     0          0         13221    512     0        15277    
205    -1     -15    -1     -1     PRI  | 2104     0          0         17537    512     0        20153    
206    -7     -15    -1     -1     PRI  | 2176     0          0         14708    512     0        17396    
207    -10    -14    -1     -1     PRI  | 2208     0          0         14912    512     0        17632    
208    -15    -9     -1     -1     PRI  | 1928     0          0         12627    512     0        15067    
209    -16    -8     -1     -1     PRI  | 1584     0          0         13890    512     0        15986    
210    -13    -12    -1     -1     PRI  | 2168     0          0         14806    512     0        17486    
211    -8     -15    -1     -1     PRI  | 2144     0          0         14519    512     0        17175    
212    -14    -11    -1     -1     PRI  | 2224     0          0         14897    512     0        17633    
213    -9     -15    -1     -1     PRI  | 2168     0          0         14580    512     0        17260    
214    -12    -13    -1     -1     PRI  | 2216     0          0         14907    512     0        17635    
215    -15    -10    -1     -1     PRI  | 2136     0          0         13995    512     0        16643    
216    -4     -16    -1     -1     PRI  | 2152     0          0         17934    512     0        20598    
217    -11    -14    -1     -1     PRI  | 2176     0          0         14784    512     0        17472    
218    -5     -16    -1     -1     PRI  | 2152     0          0         17805    512     0        20469    
219    -3     -16    -1     -1     PRI  | 2160     0          0         17832    512     0        20504    
220    -6     -16    -1     -1     PRI  | 2160     0          0         17883    512     0        20555    
221    -2     -16    -1     -1     PRI  | 2112     0          0         17537    512     0        20161    
222    -7     -16    -1     -1     PRI  | 2168     0          0         18020    512     0        20700    
223    -16    -9     -1     -1     PRI  | 1752     0          0         14509    512     0        16773    
224    -1     -16    -1     -1     PRI  | 2096     0          0         20607    512     0        23215    
225    -10    -15    -1     -1     PRI  | 2184     0          0         14761    512     0        17457    
226    -14    -12    -1     -1     PRI  | 2216     0          0         14952    512     0        17680    
227    -15    -11    -1     -1     PRI  | 2216     0          0         14739    512     0        17467    
228    -13    -13    -1     -1     PRI  | 2208     0          0         14937    512     0        17657    
229    -12    -14    -1     -1     PRI  | 2192     0          0         14847    512     0        17551    
230    -8     -16    -1     -1     PRI  | 2144     0          0         17861    512     0        20517    
231    -16    -10    -1     -1     PRI  | 1952     0          0         15678    512     0        18142    
232    -11    -15    -1     -1     PRI  | 2184     0          0         14800    512     0        17496    
233    -9     -16    -1     -1     PRI  | 2144     0          0         17790    512     0        20446    
234    -14    -13    -1     -1     PRI  | 2184     0          0         14728    512     0        17424    
235    -15    -12    -1     -1     PRI  | 2216     0          0         14818    512     0        17546    
236    -13    -14    -1     -1     PRI  | 2208     0          0         14958    512     0        17678    
237    -16    -11    -1     -1     PRI  | 2048     0          0         16404    512     0        18964    
238    -10    -16    -1     -1     PRI  | 2152     0          0         17856    512     0        20520    
239    -12    -15    -1     -1     PRI  | 2176     0          0         14781    512     0        17469    
240    -11    -16    -1     -1     PRI  | 2184     0          0         18057    512     0        20753    
241    -14    -14    -1     -1     PRI  | 2160     0          0         14675    512     0        17347    
242    -15    -13    -1     -1     PRI  | 2152     0          0         14521    512     0        17185    
243    -16    -12    -1     -1     PRI  | 2096     0          0         17014    512     0        19622    
244    -13    -15    -1     -1     PRI  | 2200     0          0         14899    512     0        17611    
245    -16    -13    -1     -1     PRI  | 2104     0          0         17358    512     0        19974    
246    -12    -16    -1     -1     PRI  | 2176     0          0         18037    512     0        20725    
247    -15    -14    -1     -1     PRI  | 2160     0          0         14564    512     0        17236    
248    -14    -15    -1     -1     PRI  | 2184     0          0         14850    512     0        17546    
249    -13    -16    -1     -1     PRI  | 2176     0          0         18031    512     0        20719    
250    -16    -14    -1     -1     PRI  | 2136     0          0         17642    512     0        20290    
251    -15    -15    -1     -1     PRI  | 2184     0          0         14764    512     0        17460    
252    -4     1      -1     0      WALL | 1544     0          0         12153    512     0        14209    
253    -14    -16    -1     -1     PRI  | 2152     0          0         17932    512     0        20596    
254    -5     1      -1     0      WALL | 1544     0          0         11810    512     0        13866    
255    -15    -16    -1     -1     PRI  | 2192     0          0         18115    512     0        20819    
256    -16    -15    -1     -1     PRI  | 2160     0          0         17874    512     0        20546    
257    -3     1      -1     0      WALL | 1544     0          0         12779    512     0        14835    
258    -6     1      -1     0      WALL | 1544     0          0         11929    512     0        13985    
259    -7     1      -1     0      WALL | 1544     0          0         11913    512     0        13969    
260    -16    -16    -1     -1     PRI  | 2176     0          0         21296    512     0        23984    
261    -2     1      -1     0      WALL | 1728     0          0         14905    512     0        17145    
262    -8     1      -1     0      WALL | 1544     0          0         11676    512     0        13732    
263    0      1      0      0      WALL | 4096     0          0         6438     512     0        11046    
264    -9     1      -1     0      WALL | 1544     0          0         11423    512     0        13479    
265    1      0      0      0      WALL | 4096     0          0         6438     512     0        11046    
266    -1     1      -1     0      WALL | 2144     0          0         19704    512     0        22360    
267    -10    1      -1     0      WALL | 1544     0          0         11898    512     0        13954    
268    1      -3     0      -1     WALL | 2792     0          0         22922    512     0        26226    
269    1      -7     0      -1     WALL | 2224     0          0         18761    512     0        21497    
270    -11    1      -1     0      WALL | 1544     0          0         13372    512     0        15428    
271    1      -4     0      -1     WALL | 2728     0          0         23460    512     0        26700    
272    1      -8     0      -1     WALL | 2152     0          0         17996    512     0        20660    
273    1      -6     0      -1     WALL | 2392     0          0         19846    512     0        22750    
274    1      -5     0      -1     WALL | 2568     0          0         22294    512     0        25374    
275    1      -9     0      -1     WALL | 2264     0          0         18469    512     0        21245    
276    -12    1      -1     0      WALL | 1544     0          0         13512    512     0        15568    
277    1      -2     0      -1     WALL | 2792     0          0         22356    512     0        25660    
278    -13    1      -1     0      WALL | 1544     0          0         13583    512     0        15639    
279    -14    1      -1     0      WALL | 1544     0          0         13503    512     0        15559    
280    1      -1     0      -1     WALL | 2784     0          0         26547    512     0        29843    
281    1      -10    0      -1     WALL | 2208     0          0         18520    512     0        21240    
282    -15    1      -1     0      WALL | 1544     0          0         13592    512     0        15648    
283    1      -11    0      -1     WALL | 2184     0          0         18208    512     0        20904    
284    -16    1      -1     0      WALL | 1544     0          0         15558    512     0        17614    
285    1      -12    0      -1     WALL | 2128     0          0         17856    512     0        20496    
286    -17    1      -1     0      WALL | 4096     0          0         6438     512     0        11046    
287    1      -13    0      -1     WALL | 2168     0          0         17943    512     0        20623    
288    1      -14    0      -1     WALL | 2136     0          0         17808    512     0        20456    
289    -18    -3     -2     -1     WALL | 1544     0          0         13899    512     0        15955    
290    1      -15    0      -1     WALL | 2120     0          0         17657    512     0        20289    
291    -18    -4     -2     -1     WALL | 1544     0          0         14043    512     0        16099    
292    1      -16    0      -1     WALL | 2096     0          0         20617    512     0        23225    
293    -18    -2     -2     -1     WALL | 1544     0          0         13755    512     0        15811    
294    -18    -5     -2     -1     WALL | 1544     0          0         14072    512     0        16128    
295    -18    -1     -2     -1     WALL | 1544     0          0         15681    512     0        17737    
296    -18    -7     -2     -1     WALL | 1544     0          0         13092    512     0        15148    
297    -18    -8     -2     -1     WALL | 1544     0          0         12708    512     0        14764    
298    -18    -6     -2     -1     WALL | 1544     0          0         14078    512     0        16134    
299    -18    0      -2     0      WALL | 4096     0          0         6433     512     0        11041    
300    1      -17    0      -1     WALL | 4096     0          0         6438     512     0        11046    
301    -18    -9     -2     -1     WALL | 1544     0          0         13223    512     0        15279    
302    -4     -18    -1     -2     WALL | 2136     0          0         17760    512     0        20408    
303    -5     -18    -1     -2     WALL | 2144     0          0         17828    512     0        20484    
304    -3     -18    -1     -2     WALL | 2128     0          0         17717    512     0        20357    
305    -7     -18    -1     -2     WALL | 2112     0          0         17650    512     0        20274    
306    0      -18    0      -2     WALL | 4096     0          0         6433     512     0        11041    
307    -2     -18    -1     -2     WALL | 2120     0          0         17627    512     0        20259    
308    -18    -10    -2     -1     WALL | 1560     0          0         13906    512     0        15978    
309    -6     -18    -1     -2     WALL | 2128     0          0         17815    512     0        20455    
310    -1     -18    -1     -2     WALL | 2104     0          0         20711    512     0        23327    
311    -18    -11    -2     -1     WALL | 1672     0          0         14613    512     0        16797    
312    -8     -18    -1     -2     WALL | 2104     0          0         17508    512     0        20124    
313    -9     -18    -1     -2     WALL | 2136     0          0         17690    512     0        20338    
314    -11    -18    -1     -2     WALL | 2128     0          0         17727    512     0        20367    
315    -10    -18    -1     -2     WALL | 2144     0          0         17775    512     0        20431    
316    -18    -12    -2     -1     WALL | 1840     0          0         15115    512     0        17467    
317    -12    -18    -1     -2     WALL | 2120     0          0         17604    512     0        20236    
318    -13    -18    -1     -2     WALL | 2144     0          0         17801    512     0        20457    
319    -18    -13    -2     -1     WALL | 1968     0          0         16136    512     0        18616    
320    -18    -14    -2     -1     WALL | 2088     0          0         17191    512     0        19791    
321    -14    -18    -1     -2     WALL | 2152     0          0         17946    512     0        20610    
322    -18    -17    -2     -1     WALL | 4096     0          0         6433     512     0        11041    
323    -18    -15    -2     -1     WALL | 2136     0          0         17785    512     0        20433    
324    -15    -18    -1     -2     WALL | 2152     0          0         17816    512     0        20480    
325    -18    -16    -2     -1     WALL | 2216     0          0         21552    512     0        24280    
326    -17    -18    -1     -2     WALL | 4096     0          0         6433     512     0        11041    
327    -16    -18    -1     -2     WALL | 2160     0          0         21150    512     0        23822    
328    -4     0      -1     0      WALL | 4096     0          0         78       512     0        4686     
329    -3     0      -1     0      WALL | 4096     0          0         78       512     0        4686     
330    -5     0      -1     0      WALL | 4096     0          0         78       512     0        4686     
331    -2     0      -1     0      WALL | 4096     0          0         78       512     0        4686     
332    -6     0      -1     0      WALL | 4096     0          0         78       512     0        4686     
333    0      -2     0      -1     WALL | 4096     0          0         78       512     0        4686     
334    0      -3     0      -1     WALL | 4096     0          0         78       512     0        4686     
------ ------ ------ ------ ------ ---- + -------- ---------- --------- -------- ------- -------- ---------
TOTAL                                   | 710888   59921      59921     4701150  171520  0        5703400  

RAM_Total_KB=5703400  (5569.7 MB)  [all chunk CPU allocations]
VRAM_Local=215.9 MB  VRAM_Shared=0.0 MB

Notes:
  BLK_KB    = Block ID array (CHUNK_TOTAL_BLOCKS * 2 bytes) -- CPU RAM
  CMESH_KB  = unified_staging buffer (CPU malloc, source for GPU upload) -- CPU RAM
  UPLOAD_KB = unified_vertex_buffer (D3D12 HEAP_TYPE_UPLOAD, CPU-visible pinned RAM) -- CPU RAM
  SUB_KB    = per-subchunk SdkChunkSubmesh cpu_vertices; freed after upload if Step-1 fix applied
  SIM_KB    = SdkChunkSimState fluid/loose/dirty heap arrays -- CPU RAM
  CONS_KB   = SdkConstructionCellStore overflow entries -- CPU RAM
  VRAM_Local        = discrete GPU memory (IDXGIAdapter3, SEGMENT_LOCAL)
  VRAM_Shared       = system RAM used by GPU (IDXGIAdapter3, SEGMENT_NON_LOCAL)
  TextureArray_Est  = estimate only (RGBA8, no mips); GPU may use tiled/compressed layout
