=== NQL SDK RAM SNAPSHOT 001 ===
timestamp=2026-04-13 00:40:56.823
WorkingSet=6741.6 MB
PeakWorkingSet=6741.6 MB
PrivateBytes=6745.4 MB
PagefileUsage=6745.4 MB
PeakPagefile=6745.5 MB
ResidentChunks=84

SLOT   CX     CZ     SCX    SCZ    ROLE | BLK_KB   CMESH_KB GMESH_KB SUB_KB   SIM_KB  CONS_KB  TOTAL_KB 
------ ------ ------ ------ ------ ---- + -------- -------- -------- -------- ------- -------- ---------
3      -5     6      -1     0      OTH  | 8192     22864    22864    1792     512     0        56224    
8      -3     4      -1     0      PRI  | 8192     23273    23273    1866     512     0        57116    
12     -3     5      -1     0      PRI  | 8192     12893    12893    2282     512     0        36772    
13     -4     6      -1     0      OTH  | 8192     12395    12395    1833     512     0        35327    
14     -6     6      -1     0      OTH  | 8192     12289    12289    7038     512     0        40320    
15     -2     4      -1     0      PRI  | 8192     18746    18746    2533     512     0        48729    
16     -3     3      -1     0      PRI  | 8192     12468    12468    1742     512     0        35382    
17     -5     2      -1     0      OTH  | 8192     17487    17487    1795     512     0        45473    
18     -4     2      -1     0      OTH  | 8192     17722    17722    1824     512     0        45972    
20     -3     6      -1     0      PRI  | 8192     23619    23619    2453     512     0        58395    
21     -5     7      -1     0      OTH  | 8192     17711    17711    1820     512     0        45946    
25     -6     2      -1     0      OTH  | 8192     17398    17398    6975     512     0        50475    
26     -3     2      -1     0      OTH  | 8192     23205    23205    1816     512     0        56930    
27     -2     5      -1     0      PRI  | 8192     12834    12834    2030     512     0        36402    
28     -1     4      -1     0      PRI  | 8192     23640    23640    1800     512     0        57784    
29     -1     5      -1     0      PRI  | 8192     18068    18068    1860     512     0        46700    
30     -2     6      -1     0      PRI  | 8192     12694    12694    1839     512     0        35931    
31     -1     6      -1     0      PRI  | 8192     18342    18342    1868     512     0        47256    
32     -5     1      -1     0      OTH  | 8192     28005    28005    12186    512     0        76900    
33     -6     1      -1     0      OTH  | 8192     27928    27928    27928    512     0        92488    
34     -6     7      -1     0      OTH  | 8192     22944    22944    7119     512     0        61711    
35     -4     1      -1     0      OTH  | 8192     28499    28499    12417    512     0        78119    
36     -2     3      -1     0      PRI  | 8192     23951    23951    2511     512     0        59117    
37     -3     1      -1     0      OTH  | 8192     28676    28676    12447    512     0        78503    
38     -3     7      -1     0      PRI  | 8192     2412     2412     2412     512     0        15940    
39     -4     7      -1     0      OTH  | 8192     23048    23048    1794     512     0        56594    
40     -2     2      -1     0      OTH  | 8192     23949    23949    2578     512     0        59180    
41     -5     8      -1     0      OTH  | 8192     22985    22985    1758     512     0        56432    
42     -6     8      -1     0      OTH  | 8192     23017    23017    7083     512     0        61821    
43     -4     8      -1     0      OTH  | 8192     23106    23106    1780     512     0        56696    
44     -1     3      -1     0      PRI  | 8192     29093    29093    1836     512     0        68726    
45     -2     1      -1     0      OTH  | 8192     29604    29604    13362    512     0        81274    
46     -1     2      -1     0      OTH  | 8192     28950    28950    1848     512     0        68452    
47     -2     7      -1     0      PRI  | 8192     23422    23422    1798     512     0        57346    
48     -3     8      -1     0      PRI  | 8192     23802    23802    23802    512     0        80110    
49     -1     7      -1     0      PRI  | 8192     29262    29262    29262    512     0        96490    
50     -1     1      -1     0      OTH  | 8192     34140    34140    34140    512     0        111124   
51     -2     8      -1     0      PRI  | 8192     23526    23526    23526    512     0        79282    
52     -1     8      -1     0      PRI  | 8192     29271    29271    29271    512     0        96517    
53     0      2      0      0      OTH  | 8192     23311    23311    23311    512     0        78637    
54     0      4      0      0      PRI  | 8192     17990    17990    17990    512     0        62674    
55     0      3      0      0      PRI  | 8192     23496    23496    23496    512     0        79192    
56     0      7      0      0      PRI  | 8192     23606    23606    23606    512     0        79522    
57     0      6      0      0      PRI  | 8192     0        0        18162    512     0        26866    
58     2      5      0      0      PRI  | 8192     23355    23355    23355    512     0        78769    
59     0      5      0      0      PRI  | 8192     0        0        18120    512     0        26824    
60     1      3      0      0      PRI  | 8192     29051    29051    29051    512     0        95857    
61     -1     9      -1     0      PRI  | 8192     0        0        29345    512     0        38049    
62     -2     9      -1     0      PRI  | 8192     0        0        23593    512     0        32297    
63     1      5      0      0      PRI  | 8192     29089    29089    29089    512     0        95971    
64     0      8      0      0      PRI  | 8192     23651    23651    23651    512     0        79657    
65     -3     9      -1     0      PRI  | 8192     23721    23721    23721    512     0        79867    
66     1      6      0      0      PRI  | 8192     0        0        29256    512     0        37960    
67     1      4      0      0      PRI  | 8192     29074    29074    29074    512     0        95926    
68     1      7      0      0      PRI  | 8192     29325    29325    29325    512     0        96679    
69     2      4      0      0      PRI  | 8192     23409    23409    23409    512     0        78931    
70     2      6      0      0      PRI  | 8192     23560    23560    23560    512     0        79384    
71     -5     9      -1     0      OTH  | 8192     23169    23169    23169    512     0        78211    
72     -4     9      -1     0      OTH  | 8192     23173    23173    23173    512     0        78223    
73     -6     9      -1     0      OTH  | 8192     23120    23120    23120    512     0        78064    
74     0      1      0      0      OTH  | 8192     28814    28814    28814    512     0        95146    
76     1      9      0      0      PRI  | 8192     29010    29010    29010    512     0        95734    
77     2      8      0      0      PRI  | 8192     23502    23502    23502    512     0        79210    
79     2      3      0      0      PRI  | 8192     23323    23323    23323    512     0        78673    
81     1      8      0      0      PRI  | 8192     29227    29227    29227    512     0        96385    
82     2      7      0      0      PRI  | 8192     23585    23585    23585    512     0        79459    
83     0      9      0      0      PRI  | 8192     23594    23594    23594    512     0        79486    
85     2      9      0      0      PRI  | 8192     23457    23457    23457    512     0        79075    
86     3      5      0      0      PRI  | 8192     18059    18059    18059    512     0        62881    
87     3      7      0      0      PRI  | 8192     18236    18236    18236    512     0        63412    
88     3      6      0      0      PRI  | 8192     18213    18213    18213    512     0        63343    
89     3      9      0      0      PRI  | 8192     23679    23679    23679    512     0        79741    
90     3      8      0      0      PRI  | 8192     18216    18216    18216    512     0        63352    
91     1      10     0      0      PRI  | 8192     23608    23608    23608    512     0        79528    
92     4      7      0      0      PRI  | 8192     23810    23810    23810    512     0        80134    
93     0      10     0      0      PRI  | 8192     18031    18031    18031    512     0        62797    
94     4      8      0      0      PRI  | 8192     23857    23857    23857    512     0        80275    
95     3      4      0      0      PRI  | 8192     17979    17979    17979    512     0        62641    
96     2      10     0      0      PRI  | 8192     23595    23595    23595    512     0        79489    
97     4      6      0      0      PRI  | 8192     23742    23742    23742    512     0        79930    
98     -1     10     -1     0      PRI  | 8192     23461    23461    23461    512     0        79087    
99     3      10     0      0      PRI  | 8192     23540    23540    23540    512     0        79324    
100    4      9      0      0      PRI  | 8192     23879    23879    23879    512     0        80341    
101    4      5      0      0      PRI  | 8192     23722    23722    23722    512     0        79870    
------ ------ ------ ------ ------ ---- + -------- -------- -------- -------- ------- -------- ---------
TOTAL                                   | 688128   1789477  1789477  1356739  43008   0        5666829  

GrandTotal_KB=5666829  (5534.0 MB)

Notes:
  BLK_KB   = Block ID array (CHUNK_TOTAL_BLOCKS * sizeof cell)
  CMESH_KB = Unified CPU staging buffer (cpu_vertices)
  GMESH_KB = GPU vertex buffer estimated from unified_vertex_capacity
  SUB_KB   = Per-subchunk SdkChunkSubmesh cpu_vertices (legacy allocs)
  SIM_KB   = SdkChunkSimState fluid/loose/dirty heap arrays
  CONS_KB  = SdkConstructionCellStore overflow entries
  GPU sizes are estimates (same vertex layout); actual VRAM not queried.
